[ 1532352 952345969 931369566 587035490 377356381 797801329 411565466 855779644 291819978 997891250 954456527 458324246 432744943 240841612 889768575 503801326 269874050 45341486 738185369 780918990 924118239 354767664 315533575 906472045 180844949 832324417 221538129 288276802 425823614 197617504 995331626 759767885 187059144 472006263 905414481 640144657 892895257 481504473 12176621 683535799 574233767 177640958 572387191 397057794 684758984 420545924 940742769 194304198 571875966 595613291 570881806 611142925 179177448 932055695 849758358 236116891 627459560 343121212 871816859 461373617 ]
[ 0 0 0 0 0 0 0 0 0 0 0 0 0 0 0 0 0 0 0 0 0 0 0 0 0 0 0 0 0 0 0 0 0 0 0 0 0 0 0 0 0 0 0 0 0 0 0 0 0 0 0 0 0 0 0 0 0 0 0 0 ]
[ 1532352 952345969 931369566 587035490 377356381 797801329 411565466 855779644 291819978 997891250 954456527 458324246 432744943 240841612 889768575 503801326 269874050 45341486 738185369 780918990 924118239 354767664 315533575 906472045 180844949 832324417 221538129 288276802 425823614 197617504 ; 995331626 759767885 187059144 472006263 905414481 640144657 892895257 481504473 12176621 683535799 574233767 177640958 572387191 397057794 684758984 420545924 940742769 194304198 571875966 595613291 570881806 611142925 179177448 932055695 849758358 236116891 627459560 343121212 871816859 461373617 ]
[ 0 0 0 0 0 0 0 0 0 0 0 0 0 0 0 0 0 0 0 0 0 0 0 0 0 0 0 0 0 0 ; 0 0 0 0 0 0 0 0 0 0 0 0 0 0 0 0 0 0 0 0 0 0 0 0 0 0 0 0 0 0 ]
[ 1532352 952345969 931369566 ; 587035490 377356381 797801329 ; 411565466 855779644 291819978 ; 997891250 954456527 458324246 ; 432744943 240841612 889768575 ; 503801326 269874050 45341486 ; 738185369 780918990 924118239 ; 354767664 315533575 906472045 ; 180844949 832324417 221538129 ; 288276802 425823614 197617504 ; 995331626 759767885 187059144 ; 472006263 905414481 640144657 ; 892895257 481504473 12176621 ; 683535799 574233767 177640958 ; 572387191 397057794 684758984 ; 420545924 940742769 194304198 ; 571875966 595613291 570881806 ; 611142925 179177448 932055695 ; 849758358 236116891 627459560 ; 343121212 871816859 461373617 ]
[ 0 0 0 ; 0 0 0 ; 0 0 0 ; 0 0 0 ; 0 0 0 ; 0 0 0 ; 0 0 0 ; 0 0 0 ; 0 0 0 ; 0 0 0 ; 0 0 0 ; 0 0 0 ; 0 0 0 ; 0 0 0 ; 0 0 0 ; 0 0 0 ; 0 0 0 ; 0 0 0 ; 0 0 0 ; 0 0 0 ]
[ 1532352 952345969 931369566 587035490 377356381 797801329 411565466 855779644 291819978 997891250 954456527 458324246 432744943 240841612 889768575 503801326 269874050 45341486 738185369 780918990 924118239 354767664 315533575 906472045 180844949 832324417 221538129 288276802 425823614 197617504 995331626 759767885 187059144 472006263 905414481 640144657 892895257 481504473 12176621 683535799 574233767 177640958 572387191 397057794 684758984 420545924 940742769 194304198 571875966 595613291 570881806 611142925 179177448 932055695 849758358 236116891 627459560 343121212 871816859 461373617 ]
[ 0 0 0 0 0 0 0 0 0 0 0 0 0 0 0 0 0 0 0 0 0 0 0 0 0 0 0 0 0 0 0 0 0 0 0 0 0 0 0 0 0 0 0 0 0 0 0 0 0 0 0 0 0 0 0 0 0 0 0 0 ]
[ 1532352 952345969 931369566 587035490 377356381 797801329 411565466 855779644 291819978 997891250 954456527 458324246 432744943 240841612 889768575 503801326 269874050 45341486 738185369 780918990 924118239 354767664 315533575 906472045 180844949 832324417 221538129 288276802 425823614 197617504 ; 995331626 759767885 187059144 472006263 905414481 640144657 892895257 481504473 12176621 683535799 574233767 177640958 572387191 397057794 684758984 420545924 940742769 194304198 571875966 595613291 570881806 611142925 179177448 932055695 849758358 236116891 627459560 343121212 871816859 461373617 ]
[ 0 0 0 0 0 0 0 0 0 0 0 0 0 0 0 0 0 0 0 0 0 0 0 0 0 0 0 0 0 0 ; 0 0 0 0 0 0 0 0 0 0 0 0 0 0 0 0 0 0 0 0 0 0 0 0 0 0 0 0 0 0 ]
[ 1532352 952345969 931369566 ; 587035490 377356381 797801329 ; 411565466 855779644 291819978 ; 997891250 954456527 458324246 ; 432744943 240841612 889768575 ; 503801326 269874050 45341486 ; 738185369 780918990 924118239 ; 354767664 315533575 906472045 ; 180844949 832324417 221538129 ; 288276802 425823614 197617504 ; 995331626 759767885 187059144 ; 472006263 905414481 640144657 ; 892895257 481504473 12176621 ; 683535799 574233767 177640958 ; 572387191 397057794 684758984 ; 420545924 940742769 194304198 ; 571875966 595613291 570881806 ; 611142925 179177448 932055695 ; 849758358 236116891 627459560 ; 343121212 871816859 461373617 ]
[ 0 0 0 ; 0 0 0 ; 0 0 0 ; 0 0 0 ; 0 0 0 ; 0 0 0 ; 0 0 0 ; 0 0 0 ; 0 0 0 ; 0 0 0 ; 0 0 0 ; 0 0 0 ; 0 0 0 ; 0 0 0 ; 0 0 0 ; 0 0 0 ; 0 0 0 ; 0 0 0 ; 0 0 0 ; 0 0 0 ]
[ 1532352 952345969 931369566 587035490 377356381 797801329 411565466 855779644 291819978 997891250 954456527 458324246 432744943 240841612 889768575 503801326 269874050 45341486 738185369 127535265 924118239 354767664 315533575 906472045 180844949 832324417 221538129 288276802 425823614 197617504 995331626 759767885 187059144 472006263 905414481 640144657 892895257 481504473 12176621 683535799 574233767 177640958 572387191 397057794 684758984 420545924 940742769 194304198 571875966 595613291 570881806 611142925 179177448 932055695 849758358 236116891 627459560 343121212 871816859 461373617 ]
[ 0 0 0 0 0 0 0 0 0 0 0 0 0 0 0 0 0 0 0 0 0 0 0 0 0 0 0 0 0 1 0 0 0 0 0 0 0 0 0 0 0 0 0 0 0 0 0 0 0 0 0 0 0 0 0 0 0 0 0 0 ]
[ 1532352 952345969 931369566 587035490 377356381 797801329 411565466 855779644 291819978 997891250 954456527 458324246 432744943 240841612 889768575 503801326 269874050 45341486 738185369 780918990 924118239 354767664 315533575 906472045 180844949 832324417 221538129 288276802 425823614 197617504 ; 995331626 759767885 187059144 472006263 905414481 640144657 892895257 481504473 12176621 683535799 574233767 177640958 572387191 0 684758984 420545924 940742769 194304198 571875966 595613291 570881806 611142925 179177448 932055695 849758358 236116891 627459560 343121212 871816859 461373617 ]
invalid matrix indexing
invalid matrix indexing
invalid matrix indexing
[ <0> <0> <0> <0> <0> <0> <0> <0> <0> <0> ; <0> <0> <0> <0> <0> <0> <0> <0> <0> <0> ; <0> <0> <0> <0> <0> <0> <0> <0> <0> <0> ; <0> <0> <0> <0> <0> <0> <0> <0> <0> <0> ; <0> <0> <0> <0> <0> <0> <0> <0> <0> <0> ; <0> <0> <0> <0> <0> <0> <0> <0> <0> <0> ; <0> <0> <0> <0> <0> <0> <0> <0> <0> <0> ; <0> <0> <0> <0> <0> <0> <0> <0> <0> <0> ; <0> <0> <0> <0> <0> <0> <0> <0> <0> <0> ; <0> <0> <0> <0> <0> <0> <0> <0> <0> <0> ]
[ <0> ]
<0>
<0>
<0>
false
false
true
false
false
true
[ 1532352 952345969 931369566 587035490 377356381 797801329 411565466 855779644 291819978 997891250 954456527 458324246 432744943 240841612 889768575 503801326 269874050 45341486 738185369 127535265 924118239 354767664 315533575 906472045 180844949 832324417 221538129 288276802 425823614 197617504 995331626 759767885 187059144 472006263 905414481 640144657 892895257 481504473 12176621 683535799 574233767 177640958 572387191 397057794 684758984 420545924 940742769 194304198 571875966 595613291 570881806 611142925 179177448 932055695 849758358 236116891 627459560 343121212 871816859 461373617 ]
[ 0 0 0 0 0 0 0 0 0 0 0 0 0 0 0 0 0 0 0 0 0 0 0 0 0 0 0 0 0 0 ; 0 0 0 0 0 0 0 0 0 0 0 0 0 0 0 0 0 0 0 0 0 0 0 0 0 0 0 0 0 0 ]
[ <0> <0> <0> <0> <0> <0> <0> <0> <0> <0> ; <0> <0> <0> <0> <0> <0> <0> <0> <0> <0> ; <0> <0> <0> <0> <0> <0> <0> <0> <0> <0> ; <0> <0> <0> <0> <0> <0> <0> <0> <0> <0> ; <0> <0> <0> <0> <0> <0> <0> <0> <0> <0> ; <0> <0> <0> <0> <0> <0> <0> <0> <0> <0> ; <0> <0> <0> <0> <0> <0> <0> <0> <0> <0> ; <0> <0> <0> <0> <0> <0> <0> <0> <0> <0> ; <0> <0> <0> <0> <0> <0> <0> <0> <0> <0> ; <0> <0> <0> <0> <0> <0> <0> <0> <0> <0> ]
[ 0 0 0 0 0 0 0 0 0 0 ]
true
<0>
952345969
0
952345969
<0>
invalid matrix indexing
invalid matrix indexing
invalid matrix indexing
[ 1532352 952345969 931369566 587035490 377356381 797801329 411565466 855779644 291819978 997891250 954456527 458324246 432744943 240841612 889768575 503801326 269874050 45341486 738185369 127535265 924118239 354767664 315533575 906472045 180844949 832324417 221538129 288276802 425823614 197617504 995331626 759767885 187059144 472006263 905414481 640144657 892895257 481504473 12176621 683535799 574233767 177640958 572387191 397057794 684758984 420545924 940742769 194304198 571875966 595613291 570881806 611142925 179177448 932055695 849758358 236116891 627459560 343121212 871816859 461373617 ]
[ 0 0 0 0 0 0 0 0 0 0 0 0 0 0 0 0 0 0 0 0 0 0 0 0 0 0 0 0 0 1 0 0 0 0 0 0 0 0 0 0 0 0 0 0 0 0 0 0 0 0 0 0 0 0 0 0 0 0 0 0 ]
[ 0 0 0 0 0 0 0 0 0 0 0 0 0 0 0 0 0 0 0 0 0 0 0 0 0 0 0 0 0 1 0 0 0 0 0 0 0 0 0 0 0 0 0 0 0 0 0 0 0 0 0 0 0 0 0 0 0 0 0 0 ]
[ 0 0 0 0 0 0 0 0 0 0 0 0 0 0 0 0 0 0 0 0 0 0 0 0 0 0 0 0 0 1 0 0 0 0 0 0 0 0 0 0 0 0 0 0 0 0 0 0 0 0 0 0 0 0 0 0 0 0 0 0 ]
[ 1532352 952345969 931369566 587035490 377356381 797801329 411565466 855779644 291819978 997891250 954456527 458324246 432744943 240841612 889768575 503801326 269874050 45341486 738185369 780918990 924118239 354767664 315533575 906472045 180844949 832324417 221538129 288276802 425823614 197617504 ; 995331626 759767885 187059144 472006263 905414481 640144657 892895257 481504473 12176621 683535799 574233767 177640958 572387191 0 684758984 420545924 940742769 194304198 571875966 595613291 570881806 611142925 179177448 932055695 849758358 236116891 627459560 343121212 871816859 461373617 ]
[ 0 0 0 ; 0 0 0 ; 0 0 0 ; 0 0 0 ; 0 0 0 ; 0 0 0 ; 0 0 0 ; 0 0 0 ; 0 0 0 ; 0 0 0 ; 0 0 0 ; 0 0 0 ; 0 0 0 ; 0 0 0 ; 0 0 0 ; 0 0 0 ; 0 0 0 ; 0 0 0 ; 0 0 0 ; 0 0 0 ]
